5000
75
88
17
13
30
67
78
78
73
100
6
15
24
89
66
77
65
100
91
52
29
57
100
49
99
53
48
37
62
43
98
36
82
15
100
11
33
77
89
5
76
94
71
51
34
37
80
99
88
70
2
16
26
54
64
24
6
12
12
67
6
61
54
87
27
53
49
59
82
89
63
57
82
34
60
68
70
39
66
57
8
19
24
33
72
88
8
78
51
71
96
56
83
50
94
10
54
42
68
35
31
31
44
64
16
3
31
37
41
48
45
48
67
68
32
90
7
91
19
57
13
15
64
95
16
57
4
21
99
72
56
81
54
51
44
21
53
27
57
93
74
53
92
92
20
23
34
27
65
52
35
77
18
99
71
85
7
75
6
5
46
13
37
51
63
33
71
67
59
79
11
84
31
2
76
50
76
61
28
40
12
15
16
82
13
86
66
19
12
23
76
9
87
64
59
1
96
29
67
54
7
29
90
37
30
65
39
57
25
18
48
88
32
63
21
96
1
39
15
64
61
42
73
100
5
31
100
53
60
19
58
18
47
47
7
29
63
45
37
87
62
85
27
46
99
47
41
51
85
7
15
98
100
87
49
57
17
48
9
28
18
66
46
65
13
4
45
27
48
81
14
61
65
92
58
16
90
99
66
27
57
80
76
57
66
24
13
35
23
73
62
41
90
59
57
54
62
1
81
61
81
46
22
98
37
31
13
78
29
78
4
86
10
79
94
75
2
6
9
77
30
23
17
19
81
73
73
43
73
53
3
5
98
76
54
86
7
18
63
87
96
67
24
5
97
17
31
51
74
92
27
3
14
43
22
94
67
46
88
91
98
91
95
47
18
1
32
76
18
46
63
13
12
86
69
61
55
52
11
28
43
89
83
56
31
4
49
49
1
37
39
50
79
33
96
48
85
79
24
3
24
38
67
88
75
36
48
29
87
10
9
81
98
91
36
80
46
84
28
46
72
18
95
2
2
42
50
87
20
25
89
95
14
55
82
88
42
81
69
28
42
29
60
91
19
95
70
16
31
49
13
54
66
59
56
68
100
57
6
71
33
94
65
46
48
99
85
90
31
5
69
73
33
29
63
3
75
85
18
5
85
30
59
51
88
66
70
39
22
75
9
54
20
26
51
67
24
35
8
54
40
77
26
24
57
41
27
31
25
96
36
9
78
46
11
17
11
32
56
32
58
16
37
77
41
87
96
16
21
3
70
12
31
47
36
39
39
14
70
63
9
57
24
38
2
86
55
64
18
62
95
75
77
83
4
70
69
99
85
41
53
6
5
84
5
92
22
43
5
43
58
65
99
33
3
52
18
9
15
35
70
61
62
98
43
65
67
63
15
4
56
67
61
60
2
17
51
24
12
7
18
69
71
17
53
73
20
70
33
35
57
2
47
18
52
42
34
70
56
100
73
11
18
86
22
20
2
24
95
13
30
12
33
1
80
85
25
100
7
58
86
63
11
84
32
62
25
17
32
81
16
56
43
85
41
17
4
95
40
50
7
70
62
92
22
93
28
98
44
34
7
29
96
18
13
79
31
89
95
62
69
62
18
64
47
10
80
2
4
19
52
63
40
65
6
61
9
33
59
53
67
17
81
14
34
45
45
65
34
39
78
54
53
95
17
51
57
96
52
12
67
55
26
6
71
31
19
80
64
29
32
82
45
64
47
31
9
91
95
94
82
72
47
34
19
64
84
27
11
87
38
29
94
64
87
64
94
5
95
9
85
26
42
29
42
41
11
2
31
5
95
12
29
41
97
47
56
32
25
19
19
62
47
12
25
33
27
71
89
22
31
73
99
25
54
40
65
64
41
95
21
87
59
49
28
55
47
35
87
23
53
57
84
100
20
61
84
46
83
25
67
13
49
66
37
54
57
1
70
50
48
90
36
58
90
15
12
88
50
50
10
54
58
45
5
77
5
89
23
87
65
89
52
13
6
40
67
63
93
36
12
40
77
99
97
66
14
60
5
15
62
66
68
71
10
73
48
67
13
70
5
77
10
56
89
68
48
7
30
40
42
93
31
70
91
79
87
56
38
91
70
51
8
90
22
70
62
21
36
74
42
40
2
51
48
42
18
95
49
99
86
42
43
16
12
86
94
98
41
83
41
63
86
48
52
7
17
13
79
4
38
20
96
91
70
43
32
40
89
80
90
74
22
33
41
85
18
34
82
10
68
22
72
53
22
75
11
90
87
89
94
76
8
89
66
30
83
98
21
71
29
10
96
50
94
88
34
63
21
68
25
40
41
96
93
62
71
3
4
9
44
97
37
51
37
54
80
19
51
52
41
32
62
88
81
7
75
67
22
47
86
46
86
26
41
30
40
63
85
43
24
28
91
60
30
27
65
62
97
16
13
89
47
26
76
79
33
50
97
54
96
82
99
33
60
91
63
51
6
47
45
81
26
35
92
55
13
56
16
61
23
29
49
21
6
24
100
38
25
48
43
72
82
93
4
93
36
66
43
93
64
87
73
41
73
64
96
85
71
63
97
94
43
45
14
49
20
65
38
44
13
33
15
46
25
18
38
12
36
80
4
51
66
76
92
90
91
39
26
62
1
22
7
44
18
20
44
37
37
81
80
1
13
46
46
90
15
83
1
2
14
57
5
31
32
48
20
75
86
45
88
38
66
94
33
83
65
76
71
53
9
2
53
73
47
98
62
13
32
15
15
97
71
71
27
54
18
98
28
3
94
67
92
59
12
25
93
29
52
15
81
60
16
34
33
14
83
94
27
67
60
93
63
30
63
42
84
32
39
63
86
33
30
77
43
93
53
88
21
5
54
54
64
70
39
96
35
21
42
13
87
1
5
2
83
19
43
66
2
33
28
87
17
9
64
60
54
68
99
26
72
52
79
36
73
69
83
8
90
76
20
28
29
77
29
11
47
23
76
49
56
55
35
24
16
50
83
21
18
33
46
41
37
77
76
9
45
11
68
86
38
40
14
66
16
94
76
14
17
3
62
24
10
49
47
77
50
82
97
67
66
94
8
2
70
35
63
67
97
30
52
35
21
17
100
36
11
28
50
79
82
63
54
43
11
52
19
13
85
67
31
51
61
90
4
82
25
66
100
73
48
52
7
68
68
59
56
30
86
57
60
19
71
13
62
34
17
32
46
1
51
76
51
11
66
7
44
42
24
44
14
23
47
21
43
66
31
98
96
16
6
7
86
28
72
99
61
88
31
6
88
81
34
91
43
99
97
38
92
72
33
5
95
79
77
37
45
7
86
92
74
43
98
12
70
69
10
31
56
92
88
96
24
21
38
66
71
34
56
62
5
88
19
51
67
95
87
63
54
72
54
79
14
3
90
36
24
52
66
31
43
53
26
67
74
63
84
96
48
39
58
5
79
76
55
97
22
94
59
27
17
64
6
83
18
47
18
41
98
35
24
41
87
49
59
12
64
94
8
63
85
65
19
63
92
26
59
13
71
69
40
87
84
97
21
1
43
38
94
41
72
17
33
11
17
43
22
32
36
81
95
20
45
65
82
88
90
92
1
60
60
92
99
43
88
19
96
82
9
89
22
80
5
6
42
21
48
64
53
84
44
99
3
41
63
37
28
53
28
80
64
40
23
62
34
10
33
29
44
41
17
65
72
21
23
14
42
70
29
46
5
72
44
60
64
6
96
44
10
75
23
26
14
98
39
48
59
71
76
2
11
93
19
83
65
41
48
58
62
76
3
19
47
46
78
63
4
25
6
65
99
80
90
13
77
29
12
88
99
39
89
62
83
7
96
48
47
43
5
61
18
60
79
16
5
56
78
60
80
35
25
30
67
14
94
95
94
5
82
45
96
71
6
78
29
1
77
28
43
34
88
60
93
18
75
49
25
5
9
4
91
85
85
57
50
79
52
44
35
85
88
30
55
45
8
84
45
36
11
39
69
50
98
61
67
24
10
91
28
70
46
19
6
30
27
55
8
78
50
43
15
89
24
69
33
31
4
29
67
66
67
87
15
64
48
81
40
9
71
19
30
68
89
35
98
16
41
57
45
43
51
59
31
75
80
16
57
83
44
75
49
11
62
63
26
9
96
65
69
18
36
50
86
24
36
83
39
76
91
36
18
42
46
1
16
25
16
72
60
59
47
8
69
60
22
47
20
69
63
88
87
98
89
72
22
24
6
12
51
48
99
69
89
45
21
56
69
36
80
80
94
26
87
15
37
61
13
56
29
75
95
67
73
83
38
94
6
95
57
56
43
56
76
83
52
96
39
72
31
18
52
77
95
38
43
31
50
55
38
31
29
32
97
53
14
87
98
19
81
55
26
75
62
2
10
13
49
48
84
32
17
35
60
63
25
2
45
26
56
82
56
36
13
53
89
78
39
86
96
71
92
73
98
53
26
7
65
27
6
1
58
74
35
17
36
11
18
32
37
25
13
92
60
77
96
100
54
34
86
1
57
77
73
54
82
51
60
46
77
17
98
34
90
85
2
77
95
19
8
83
95
72
27
6
48
22
6
53
56
43
53
64
71
77
17
52
27
28
50
55
96
47
40
85
83
41
13
78
11
20
12
5
43
38
63
90
60
20
42
67
62
46
30
84
22
98
88
1
25
37
55
20
35
47
56
70
87
68
47
98
39
58
54
81
48
16
22
7
35
15
25
48
60
54
32
33
51
19
85
27
7
40
46
93
38
53
62
24
20
60
73
10
70
27
90
17
42
63
75
29
77
99
76
36
52
59
20
54
77
5
80
35
96
77
80
33
29
41
56
100
53
29
9
22
7
50
90
100
12
64
28
40
62
56
27
65
14
46
18
43
50
49
77
45
25
56
29
5
49
37
56
1
65
64
22
23
65
11
22
28
26
50
67
87
5
93
51
70
90
20
12
92
68
89
88
44
96
17
48
44
53
3
44
69
18
17
91
34
79
12
61
4
13
79
90
69
23
92
39
12
11
50
3
78
90
91
73
86
59
20
29
11
74
25
79
91
93
21
24
72
32
36
27
97
14
69
65
88
60
55
100
23
5
54
52
46
96
25
31
54
44
12
16
18
88
46
60
80
66
36
3
50
71
30
46
37
98
62
24
9
17
75
31
73
81
83
18
28
59
49
34
54
12
49
23
99
95
83
30
60
18
33
61
40
14
6
76
63
68
52
71
84
78
54
8
58
88
25
86
46
25
19
99
36
19
22
86
65
56
68
25
25
52
85
64
65
43
92
79
62
95
49
45
72
2
4
82
89
28
19
86
53
37
85
40
7
58
78
72
13
97
48
37
48
84
52
64
26
95
42
87
41
42
83
13
96
86
94
36
66
12
22
70
100
58
61
58
15
90
29
79
86
28
67
85
12
70
100
89
17
93
28
57
87
10
69
82
48
14
17
65
77
90
34
28
47
46
86
13
36
66
43
73
94
9
58
5
31
9
93
47
2
72
3
88
82
24
21
81
89
89
45
66
79
30
45
77
75
82
42
10
48
84
35
41
45
92
97
75
52
41
21
53
13
23
92
46
98
12
78
87
1
22
52
31
3
48
7
29
30
48
91
77
84
25
69
28
16
65
2
19
57
22
72
69
96
15
66
94
79
43
80
79
16
83
61
18
30
19
47
11
19
37
87
2
61
55
29
28
71
82
46
28
55
69
48
2
84
14
95
62
56
26
92
72
60
52
41
42
22
87
52
40
75
39
41
35
45
21
14
68
54
12
47
8
80
94
10
15
59
56
76
67
34
19
90
93
22
30
34
44
69
86
83
43
76
76
30
72
48
95
39
2
6
85
61
86
31
22
100
89
78
28
7
63
98
96
55
20
26
41
15
46
78
49
88
53
76
69
76
24
64
15
77
69
51
89
6
33
11
58
74
40
37
80
54
34
76
8
5
53
100
19
98
77
68
37
81
95
6
57
18
21
23
46
89
25
87
47
58
49
56
31
88
92
10
93
77
37
100
82
89
100
52
86
28
71
23
9
66
80
17
35
100
39
81
40
63
19
86
72
67
93
2
6
84
64
98
13
100
49
94
41
100
97
78
28
68
52
88
33
31
4
67
82
42
99
22
56
17
59
28
83
52
81
88
87
44
37
99
96
86
44
36
85
41
65
12
8
17
99
92
99
2
10
81
95
9
54
3
77
12
30
12
15
62
51
54
58
88
52
53
73
48
40
57
88
56
21
47
72
71
38
71
25
99
3
19
7
56
21
36
67
2
47
34
16
49
87
73
36
90
77
60
37
68
17
24
23
89
22
47
59
11
17
83
10
19
54
68
74
26
3
92
80
1
77
95
50
63
19
85
53
95
97
89
14
13
65
36
53
86
82
63
97
50
46
6
20
51
25
93
76
28
37
7
80
13
1
81
28
71
66
80
65
62
20
78
26
36
66
30
22
47
92
70
49
89
27
68
39
51
13
67
30
1
73
62
13
26
42
92
96
59
23
13
72
43
42
49
78
7
78
51
6
22
20
54
10
98
73
1
1
85
67
30
85
91
91
50
68
85
41
16
43
64
80
15
58
21
63
87
80
93
38
85
14
9
90
23
7
62
23
59
99
41
88
35
84
31
84
51
15
77
18
9
40
97
23
49
18
38
35
97
30
72
33
43
33
74
17
91
87
40
49
85
32
36
20
15
18
55
18
84
31
35
45
22
32
67
70
1
56
5
49
85
28
33
79
60
6
96
2
92
87
50
29
18
38
48
85
55
2
2
91
85
88
35
6
71
53
28
71
61
84
71
97
11
55
76
23
60
23
24
4
9
74
32
78
63
31
62
69
84
15
59
68
3
45
26
73
50
5
96
10
88
66
6
50
21
33
24
32
55
100
35
15
25
18
93
87
48
6
55
32
21
66
51
75
10
76
47
11
80
94
20
19
12
78
21
84
10
44
15
17
43
2
31
67
71
75
53
19
33
60
2
5
25
52
79
86
80
77
97
11
71
16
30
82
45
50
65
55
93
31
23
88
84
5
6
55
32
11
25
64
70
26
20
94
77
98
79
56
26
27
67
48
43
48
81
39
97
97
45
41
28
67
28
63
72
34
17
3
44
41
18
65
18
37
58
95
86
88
50
11
15
68
11
9
15
91
47
11
88
44
4
67
10
83
29
33
16
98
35
11
90
52
75
8
40
84
54
25
24
55
88
90
23
98
50
89
88
48
52
75
91
55
93
1
37
74
85
5
71
20
67
12
23
42
71
15
77
24
39
52
79
26
93
53
75
42
41
63
42
92
89
32
46
34
84
35
7
69
39
29
40
5
40
14
98
63
28
27
86
67
78
16
44
23
68
19
64
9
33
5
100
73
89
98
6
24
32
12
92
22
92
83
26
32
97
76
94
24
2
31
42
31
47
38
53
14
8
69
74
92
25
26
64
13
23
70
37
6
33
80
27
25
63
4
8
11
79
53
34
80
35
28
63
81
17
15
47
24
35
72
15
60
97
30
72
71
51
60
76
36
40
2
60
54
6
19
64
36
23
49
16
57
28
30
90
44
44
88
19
79
59
33
90
56
63
61
78
65
73
54
100
64
7
11
17
64
29
32
100
51
32
67
60
60
96
49
55
91
88
74
69
46
6
10
53
20
71
31
37
95
36
36
58
42
47
26
6
27
9
5
30
40
23
89
51
18
89
6
8
76
79
29
73
36
38
26
8
60
8
44
54
43
79
11
84
77
88
41
4
96
97
33
36
19
73
86
36
61
91
96
88
21
24
60
57
61
37
16
73
44
59
26
86
89
89
22
18
76
62
21
72
11
5
59
29
77
96
65
89
39
60
28
59
35
39
67
47
76
82
19
19
92
97
57
33
85
30
50
12
43
22
35
53
26
93
82
54
89
98
94
79
9
21
37
43
59
4
41
86
37
60
57
81
56
65
13
92
94
14
55
36
35
90
89
12
34
22
17
74
19
62
52
27
82
89
21
92
44
61
30
32
72
86
12
79
50
24
70
95
37
77
30
23
66
70
34
51
91
2
25
9
63
76
87
96
16
7
40
11
20
69
43
91
6
6
70
7
82
91
1
18
67
30
93
84
52
78
35
42
80
59
51
42
86
89
38
54
48
77
16
67
97
10
9
2
16
78
8
97
21
8
66
87
89
10
71
40
88
57
82
67
67
84
8
52
72
45
57
19
73
25
37
69
34
46
70
1
23
77
49
43
36
67
82
25
76
4
64
63
60
97
29
26
80
89
29
4
85
38
22
58
62
11
78
95
56
48
48
30
76
96
25
12
14
6
88
90
61
3
4
20
100
33
97
79
73
25
34
57
14
8
14
75
18
92
22
73
91
69
2
18
16
26
81
30
83
68
71
43
71
74
14
70
58
10
100
30
87
86
87
100
93
52
27
10
95
48
82
37
68
35
55
35
61
35
16
95
3
86
38
25
60
51
46
17
13
97
99
51
82
85
50
74
88
28
83
83
75
16
19
94
51
25
29
63
60
44
57
14
82
46
38
93
49
83
61
61
79
59
11
61
95
12
86
83
40
21
17
66
36
87
60
38
12
40
52
23
35
61
36
68
58
73
60
6
55
21
66
85
79
28
97
74
92
83
8
31
3
76
48
90
62
59
80
25
50
83
47
85
43
82
52
1
54
64
58
60
84
76
97
14
3
93
87
46
27
46
28
81
21
76
23
35
34
2
59
36
36
6
72
79
39
75
31
93
38
88
4
21
63
100
35
18
45
73
63
23
71
91
56
91
18
78
77
51
31
36
38
66
93
9
96
31
84
26
75
21
66
31
42
28
82
28
97
26
52
60
1
22
2
56
65
19
33
41
21
15
28
59
80
72
67
76
3
50
53
29
23
18
59
16
46
41
43
94
18
46
53
18
20
6
25
84
24
9
76
97
23
56
55
55
27
73
30
81
75
82
10
97
52
20
12
97
60
54
42
30
51
95
99
70
52
24
5
76
84
81
72
59
88
78
13
14
50
94
95
24
75
56
72
78
75
83
74
87
88
68
68
39
62
66
8
65
41
65
40
77
97
63
35
84
92
47
97
94
40
43
69
66
50
41
44
77
23
69
63
11
36
82
49
49
47
8
14
40
24
5
16
20
68
50
3
11
96
52
4
87
94
73
52
96
13
95
72
35
16
86
45
51
67
45
100
13
5
65
4
28
69
19
100
88
20
2
99
15
53
2
1
99
74
5
94
86
51
65
73
66
2
69
17
68
66
68
32
70
32
36
49
52
6
48
40
26
2
38
92
54
39
93
4
65
49
97
2
99
13
74
65
14
95
33
33
60
52
65
81
35
100
81
86
5
29
25
82
82
62
74
35
53
18
91
69
66
39
70
64
52
96
80
17
90
64
50
49
15
66
81
49
17
61
35
73
89
11
55
22
25
28
9
77
45
99
97
62
37
18
77
40
13
57
57
54
72
58
54
87
23
34
87
39
95
73
11
35
84
17
57
8
44
65
36
40
63
32
1
99
49
78
91
14
86
99
67
57
56
21
95
30
6
82
20
100
54
82
35
37
99
91
96
94
55
31
34
69
14
86
19
15
63
9
28
100
7
46
57
14
18
51
43
24
84
14
23
38
48
57
26
98
99
22
91
5
4
76
73
18
14
92
32
28
52
11
28
59
56
84
72
26
86
67
49
70
80
71
59
79
80
84
76
30
57
19
35
13
94
7
30
7
50
13
35
2
75
14
12
30
97
83
55
34
49
55
55
81
78
13
59
9
49
35
38
57
5
72
69
98
31
50
57
32
62
43
85
36
56
96
18
4
79
24
89
79
79
44
11
8
8
70
16
56
56
53
13
60
77
81
9
59
83
17
42
44
11
27
32
66
74
1
21
4
24
10
35
54
5
45
61
12
66
28
68
73
33
32
84
9
64
93
19
46
61
12
42
72
90
73
89
64
25
62
67
48
23
1
54
27
98
66
38
63
94
57
36
26
40
19
86
4
63
56
1
76
67
42
47
57
66
87
72
42
48
90
42
70
91
95
96
40
60
86
2
5
94
89
82
86
60
67
41
74
74
41
49
41
35
47
49
52
34
20
94
81
9
35
3
51
81
98
42
92
35
96
97
81
84
30
66
95
97
6
21
22
98
69
14
32
68
62
84
1
33
29
33
94
15
35
96
95
85
38
86
71
33
34
51
68
64
68
15
12
73
35
33
71
3
99
54
22
12
89
22
45
17
55
90
31
41
37
77
25
26
15
96
58
48
98
78
63
66
92
26
38
26
59
60
80
57
14
54
68
2
75
64
71
81
5
53
22
42
82
98
67
96
45
77
95
43
6
58
8
49
35
97
26
93
9
57
1
74
10
21
27
85
36
97
17
93
2
38
34
83
88
52
30
32
80
24
74
85
33
33
33
68
82
10
12
90
67
65
63
76
37
41
60
72
38
29
16
91
18
49
25
5
53
54
37
84
29
62
21
14
95
5
81
28
15
44
17
81
8
31
56
96
71
68
20
60
96
35
2
13
36
26
70
88
31
6
71
60
67
43
25
13
48
57
40
62
100
8
42
60
38
49
55
61
16
74
20
63
61
22
28
96
99
97
83
30
2
5
41
20
48
65
85
95
73
76
8
72
84
49
83
73
97
90
33
65
15
5
27
75
78
6
70
76
2
4
57
55
61
49
75
60
65
11
6
37
86
13
61
69
13
43
42
61
32
26
25
47
30
4
21
59
9
43
87
11
46
43
65
6
44
91
17
8
1
22
45
39
34
5
7
46
47
100
59
31
26
83
77
7
38
49
66
47
91
52
9
89
46
25
46
89
68
63
49
20
84
93
58
70
49
17
67
47
16
25
77
93
60
5
52
97
6
69
43
48
72
3
36
69
80
82
58
47
96
6
66
79
50
76
100
50
92
67
96
59
91
25
52
50
81
55
99
86
23
93
34
46
96
69
14
75
2
23
73
97
80
38
28
81
13
27
30
4
45
78
63
88
2
66
89
82
72
87
20
46
80
53
91
27
73
56
1
75
79
73
23
10
62
2
91
27
81
72
82
25
49
96
12
2
61
53
84
32
39
3
77
70
7
19
96
79
75
48
5
5
72
80
66
34
81
56
60
61
80
93
38
28
89
49
30
49
53
65
33
92
19
61
61
25
32
57
55
6
56
12
62
28
91
27
13
23
35
24
84
14
16
73
93
4
73
74
5
26
38
37
17
8
49
29
32
80
37
39
37
93
50
50
20
92
77
84
14
63
7
49
76
22
21
68
26
94
42
30
19
31
18
87
39
66
15
22
98
4
12
86
48
61
36
67
52
64
2
18
26
8
66
1
29
39
20
6
84
13
35
2
96
4
40
34
22
6
7
71
9
19
56
56
79
91
74
83
54
75
52
31
34
17
31
63
7
3
68
90
67
55
91
62
10
82
95
31
88
2
